301.66
303.32
304.99
306.65
308.31
309.97
311.63
313.29
314.96
316.62
318.28
319.94
321.6
323.26
324.93
326.59
328.25
329.91
331.57
333.24
334.9
336.56
338.22
339.88
341.54
343.21
344.87
346.53
348.19
349.85
351.52
353.18
354.84
356.5
358.16
359.82
361.49
363.15
364.81
366.47
368.13
369.79
371.46
373.12
374.78
376.44
378.1
379.77
381.43
383.09
384.75
386.41
388.07
389.74
391.4
393.06
394.72
396.38
398.04
399.71
401.37
403.03
404.69
406.35
408.02
409.68
411.34
413
414.66
416.32
417.99
419.65
421.31
422.97
424.63
426.3
427.96
429.62
431.28
432.94
434.6
436.27
437.93
439.59
441.25
442.91
444.57
446.24
447.9
449.56
451.22
452.88
454.55
456.21
457.87
459.53
461.19
462.85
464.52
466.18
467.84
469.5
471.16
472.83
474.49
476.15
477.81
479.47
481.13
482.8
484.46
486.12
487.78
489.44
491.1
492.77
494.43
496.09
497.75
499.41
501.08
502.74
504.4
506.06
507.72
509.38
511.05
512.71
514.37
516.03
517.69
519.35
521.02
522.68
524.34
526
527.66
529.33
530.99
532.65
534.31
535.97
537.63
539.3
540.96
542.62
544.28
545.94
547.61
549.27
550.93
552.59
554.25
555.91
557.58
559.24
560.9
562.56
564.22
565.88
567.55
569.21
570.87
572.53
574.19
575.86
577.52
579.18
580.84
582.5
584.16
585.83
587.49
589.15
590.81
592.47
594.13
595.8
597.46
599.12
600.78
602.44
604.11
605.77
607.43
609.09
610.75
612.41
614.08
615.74
617.4
619.06
620.72
622.39
624.05
625.71
627.37
629.03
630.69
632.36
634.02
635.68
637.34
639
640.66
642.33
643.99
645.65
647.31
648.97
650.64
652.3
653.96
655.62
657.28
658.94
660.61
662.27
663.93
665.59
667.25
668.91
670.58
672.24
673.9
675.56
677.22
678.89
680.55
682.21
683.87
685.53
687.19
688.86
690.52
692.18
693.84
695.5
697.17
698.83
700.49
702.15
703.81
705.47
707.14
708.8
710.46
712.12
713.78
715.44
717.11
718.77
720.43
722.09
723.75
725.42
727.08
728.74
730.4
732.06
733.72
735.39
737.05
738.71
740.37
742.03
743.7
745.36
747.02
748.68
750.34
752
753.67
755.33
756.99
758.65
760.31
761.97
763.64
765.3
766.96
768.62
770.28
771.95
773.61
775.27
776.93
778.59
780.25
781.92
783.58
785.24
786.9
788.56
790.22
791.89
793.55
795.21
796.87
798.53
800.2
801.86
803.52
805.18
806.84
808.5
810.17
811.83
813.49
815.15
816.81
818.48
820.14
821.8
823.46
825.12
826.78
828.45
830.11
831.77
833.43
835.09
836.75
838.42
840.08
841.74
843.4
845.06
846.73
848.39
850.05
851.71
853.37
855.03
856.7
858.36
860.02
861.68
863.34
865
866.67
868.33
869.99
871.65
873.31
874.98
876.64
878.3
879.96
881.62
883.28
884.95
886.61
888.27
889.93
891.59
893.26
894.92
896.58
898.24
899.9
901.56
903.23
904.89
906.55
908.21
909.87
911.53
913.2
914.86
916.52
918.18
919.84
921.51
923.17
924.83
926.49
928.15
929.81
931.48
933.14
934.8
936.46
938.12
939.78
941.45
943.11
944.77
946.43
948.09
949.76
951.42
953.08
954.74
956.4
958.06
959.73
961.39
963.05
964.71
966.37
968.04
969.7
971.36
973.02
974.68
976.34
978.01
979.67
981.33
982.99
984.65
986.31
987.98
989.64
991.3
992.96
994.62
996.29
997.95
999.61
1001.27
1002.93
1004.59
1006.26
1007.92
1009.58
1011.24
1012.9
1014.57
1016.23
1017.89
1019.55
1021.21
1022.87
1024.54
1026.2
1027.86
1029.52
1031.18
1032.84
1034.51
1036.17
1037.83
1039.49
1041.15
1042.82
1044.48
1046.14
1047.8
1049.46
1051.12
1052.79
1054.45
1056.11
1057.77
1059.43
1061.09
1062.76
1064.42
1066.08
1067.74
1069.4
1071.07
1072.73
1074.39
1076.05
1077.71
1079.37
1081.04
1082.7
1084.36
1086.02
1087.68
1089.35
1091.01
1092.67
1094.33
1095.99
1097.65
1099.32
1100.98
1102.64
1104.3
1105.96
1107.62
1109.29
1110.95
1112.61
1114.27
1115.93
1117.6
1119.26
1120.92
1122.58
1124.24
1125.9
1127.57
1129.23
1130.89
1132.55
1134.21
1135.87
1137.54
1139.2
1140.86
1142.52
1144.18
1145.85
1147.51
1149.17
1150.83
1152.49
1154.15
1155.82
1157.48
1159.14
1160.8
1162.46
1164.13
1165.79
1167.45
1169.11
1170.77
1172.43
1174.1
1175.76
1177.42
1179.08
1180.74
1182.4
1184.07
1185.73
1187.39
1189.05
1190.71
1192.38
1194.04
1195.7
1197.36
1199.02
1200.68
1202.35
1204.01
1205.67
1207.33
1208.99
1210.65
1212.32
1213.98
1215.64
1217.3
1218.96
1220.63
1222.29
1223.95
1225.61
1227.27
1228.93
1230.6
1232.26
1233.92
1235.58
1237.24
1238.91
1240.57
1242.23
1243.89
1245.55
1247.21
1248.88
1250.54
1252.2
1253.86
1255.52
1257.18
1258.85
1260.51
1262.17
1263.83
1265.49
1267.16
1268.82
1270.48
1272.14
1273.8
1275.46
1277.13
1278.79
1280.45
1282.11
1283.77
1285.43
1287.1
1288.76
1290.42
1292.08
1293.74
1295.41
1297.07
1298.73
1300.39
1302.05
1303.71
1305.38
1307.04
1308.7
1310.36
1312.02
1313.69
1315.35
1317.01
1318.67
1320.33
1321.99
1323.66
1325.32
1326.98
1328.64
1330.3
1331.96
1333.63
1335.29
1336.95
1338.61
1340.27
1341.94
1343.6
1345.26
1346.92
1348.58
1350.24
1351.91
1353.57
1355.23
1356.89
1358.55
1360.22
1361.88
1363.54
1365.2
1366.86
1368.52
1370.19
1371.85
1373.51
1375.17
1376.83
1378.49
1380.16
1381.82
1383.48
1385.14
1386.8
1388.47
1390.13
1391.79
1393.45
1395.11
1396.77
1398.44
1400.1
1401.76
1403.42
1405.08
1406.74
1408.41
1410.07
1411.73
1413.39
1415.05
1416.72
1418.38
1420.04
1421.7
1423.36
1425.02
1426.69
1428.35
1430.01
1431.67
1433.33
1435
1436.66
1438.32
1439.98
1441.64
1443.3
1444.97
1446.63
1448.29
1449.95
1451.61
1453.27
1454.94
1456.6
1458.26
1459.92
1461.58
1463.25
1464.91
1466.57
1468.23
1469.89
1471.55
1473.22
1474.88
1476.54
1478.2
1479.86
1481.52
1483.19
1484.85
1486.51
1488.17
1489.83
1491.5
1493.16
1494.82
1496.48
1498.14
1499.8
1501.47
1503.13
1504.79
1506.45
1508.11
1509.78
1511.44
1513.1
1514.76
1516.42
1518.08
1519.75
1521.41
1523.07
1524.73
1526.39
1528.05
1529.72
1531.38
1533.04
1534.7
1536.36
1538.03
1539.69
1541.35
1543.01
1544.67
1546.33
1548
1549.66
1551.32
1552.98
1554.64
1556.3
1557.97
1559.63
1561.29
1562.95
1564.61
1566.28
1567.94
1569.6
1571.26
1572.92
1574.58
1576.25
1577.91
1579.57
1581.23
1582.89
1584.56
1586.22
1587.88
1589.54
1591.2
1592.86
1594.53
1596.19
1597.85
1599.51
1601.17
1602.83
1604.5
1606.16
1607.82
1609.48
1611.14
1612.81
1614.47
1616.13
1617.79
1619.45
1621.11
1622.78
1624.44
1626.1
1627.76
1629.42
1631.09
1632.75
1634.41
1636.07
1637.73
1639.39
1641.06
1642.72
1644.38
1646.04
1647.7
1649.36
1651.03
1652.69
1654.35
1656.01
1657.67
1659.34
1661
1662.66
1664.32
1665.98
1667.64
1669.31
1670.97
1672.63
1674.29
1675.95
1677.61
1679.28
1680.94
1682.6
1684.26
1685.92
1687.59
1689.25
1690.91
1692.57
1694.23
1695.89
1697.56
1699.22
1700.88
1702.54
1704.2
1705.87
1707.53
1709.19
1710.85
1712.51
1714.17
1715.84
1717.5
1719.16
1720.82
1722.48
1724.14
1725.81
1727.47
1729.13
1730.79
1732.45
1734.12
1735.78
1737.44
1739.1
1740.76
1742.42
1744.09
1745.75
1747.41
1749.07
1750.73
1752.39
1754.06
1755.72
1757.38
1759.04
1760.7
1762.37
1764.03
1765.69
1767.35
1769.01
1770.67
1772.34
1774
1775.66
1777.32
1778.98
1780.65
1782.31
1783.97
1785.63
1787.29
1788.95
1790.62
1792.28
1793.94
1795.6
1797.26
1798.92
1800.59
1802.25
1803.91
1805.57
1807.23
1808.9
1810.56
1812.22
1813.88
1815.54
1817.2
1818.87
1820.53
1822.19
1823.85
1825.51
1827.17
1828.84
1830.5
1832.16
1833.82
1835.48
1837.15
1838.81
1840.47
1842.13
1843.79
1845.45
1847.12
1848.78
1850.44
1852.1
1853.76
1855.43
1857.09
1858.75
1860.41
1862.07
1863.73
1865.4
1867.06
1868.72
1870.38
1872.04
1873.7
1875.37
1877.03
1878.69
1880.35
1882.01
1883.68
1885.34
1887
1888.66
1890.32
1891.98
1893.65
1895.31
1896.97
1898.63
1900.29
1901.96
1903.62
1905.28
1906.94
1908.6
1910.26
1911.93
1913.59
1915.25
1916.91
1918.57
1920.23
1921.9
1923.56
1925.22
1926.88
1928.54
1930.21
1931.87
1933.53
1935.19
1936.85
1938.51
1940.18
1941.84
1943.5
1945.16
1946.82
1948.48
1950.15
1951.81
1953.47
1955.13
1956.79
1958.46
1960.12
1961.78
1963.44
1965.1
1966.76
1968.43
1970.09
1971.75
1973.41
1975.07
1976.74
1978.4
1980.06
1981.72
1983.38
1985.04
1986.71
1988.37
1990.03
1991.69
1993.35
1995.01
1996.68
1998.34
2000
